101 -91
-33 -124
-95 -13
199 -56
-71 -95
80 -170
122 -89
90 -8
-83 -166
-92 -127
-72 -101
19 -88
33 -38
48 -69
127 -2
203 -153
-143 -93
-24 -59
118 -106
62 -96
118 -162
180 -162
109 -77
-49 -144
-73 -51
180 -51
30 -67
133 -124
-170 -12
-132 -147
-158 -31
76 -150
-98 -22
196 -54
29 -143
86 -32
197 -169
111 -54
-140 -158
124 -121
-134 36
32 -105
141 11
-170 -115
41 -23
-107 -104
191 -181
174 -95
125 -56
-138 -65
114 -107
-142 -37
30 -48
199 -134
-118 -30
193 -27
-64 -172
-97 -138
-153 -7
-126 -139
193 -125
-235 -198
137 -114
-84 69
181 0
67 -87
217 -95
198 -140
-79 -115
-123 -5
-76 -207
196 -123
142 -227
-97 -83
56 -128
-165 58
111 -171
-97 -135
93 -192
87 -126
174 -98
72 -124
-106 -25
101 -235
-96 -70
163 -240
101 -41
-136 -47
75 -133
-150 -5
-44 -174
-43 -147
-166 -132
141 -31
-180 -55
138 -185
-35 -116
-158 -18
-151 -122
-115 -14
132 -190
-135 -89
-73 -108
89 60
98 -32
-73 -31
-136 -82
96 -75
-137 -115
129 -181
-101 -16
119 -249
-202 -133
97 -126
230 -68
96 -180
108 -91
66 -151
-40 -122
-95 -41
191 -33
1 -118
108 -78
-94 -43
120 -112
137 -143
68 -140
162 -47
177 -153
-110 -112
122 -94
-208 -111
-137 -125
181 -118
144 -233
-189 36
-114 39
190 -40
-140 27
123 -157
82 -161
98 -72
135 -47
-143 -173
59 -110
-70 -9
249 -38
-138 7
140 -68
166 -46
-112 -123
-132 -91
-49 82
-147 -32
188 -155
166 -90
99 -153
-128 11
123 -75
127 -136
80 -59
-138 -77
-130 36
-138 -61
-181 54
-96 75
-158 24
-111 -7
-133 -191
-106 -147
-69 -108
171 -56
138 -172
64 -143
78 -118
-46 -30
147 -45
133 -77
-157 -177
-104 -61
215 -1
205 -126
-90 -42
68 -4
58 -62
-108 34
-183 -10
-36 -13
154 -100
-104 -238
-126 -40
-53 -51
-132 -22
120 -155
-159 15
57 -123
65 19
-156 -24
125 -160
248 -87
-107 -1
-59 19
-186 -144
190 -159
-192 0
105 -110
120 -175
178 -53
106 -34
115 -3
-148 -154
197 -63
232 -82
115 -142
-155 -95
117 -14
168 -77
142 -28
114 -104
-111 -95
220 -106
40 -214
-63 -13
-57 -162
79 -241
156 -173
-105 -86
-138 -120
225 -148
-44 -80
94 -39
-167 -36
220 -104
147 -34
-135 -16
47 -100
-139 -128
-103 -21
-31 -76
85 -109
22 -70
-90 -28
214 -124
132 -79
147 -117
-162 -38
98 -3
86 -78
102 -5
-147 -114
112 -177
192 -75
-203 -111
268 -156
16 -119
-196 -57
116 -86
184 -63
-98 -30
-131 -48
-82 32
-97 -67
183 -122
93 -201
-113 -30
-31 -155
172 -136
89 -124
133 -45
150 -87
-178 -122
-72 36
151 -59
-181 -143
139 -113
94 -186
-30 -18
127 -158
-167 -111
70 -25
128 -61
145 -59
-168 -91
118 -25
87 -125
-118 -54
189 -149
-26 -130
-57 -179
-99 -160
-27 -105
104 -109
173 -52
164 -156
63 -136
126 -113
135 -74
164 -151
66 -176
-181 -49
-51 -61
136 -67
-32 -124
86 -81
-38 -12
196 -157
-15 -81
217 -96
67 -66
163 -1
-129 -91
174 -136
-28 -120
-43 -69
137 -85
-132 -41
-112 -228
77 -160
268 1
-69 -64
119 -93
-52 -132
82 -46
143 -65
-131 -94
10 -52
23 -84
180 -168
-102 -52
-124 -149
161 -83
-50 -79
222 -106
-47 8
213 -64
85 -55
-190 -24
82 -50
-147 -73
83 -120
171 -128
176 -42
-140 -18
125 -159
177 -34
107 -48
148 0
56 -134
-113 53
-82 -6
-59 -146
-137 -17
91 -216
-104 -35
26 -107
174 -127
20 -3
-90 -149
108 -52
153 -126
106 -82
-57 -135
92 -133
120 -122
244 -202
173 -120
221 -140
-134 -193
49 -52
0 -213
27 -193
-94 -70
104 -27
112 -136
-84 -154
-3 -19
-82 -146
-129 14
162 -115
10 -138
61 -164
-79 -137
93 -22
135 -85
123 -155
-54 -93
101 -116
-125 -34
-183 -145
-153 -111
96 -132
47 -192
66 -143
-41 -144
-41 10
57 -103
-49 -9
86 -118
119 -130
-175 25
-183 -105
169 -139
-65 -112
95 -123
153 -120
78 -126
182 -132
44 -196
-140 -96
105 -178
22 -36
-135 3
165 -43
-92 -47
-147 -103
53 -122
111 -94
-60 -18
154 -19
20 -125
78 -123
79 -154
-97 -124
-55 -90
-176 -89
9 -182
187 -86
-71 -137
148 -67
-63 -132
212 -49
53 -96
-157 -59
-79 -167
148 -129
176 -206
-132 -107
-171 -160
207 -50
-105 -45
168 -141
-47 -60
107 -176
-46 -55
-141 -124
146 -91
96 -84
93 -88
-117 -7
131 -16
182 -59
112 -114
46 -111
186 -25
96 -87
-150 5
191 -38
98 -85
85 -117
109 -134
126 -70
-89 2
-170 -99
-35 -118
144 -60
62 -148
-81 -111
-63 5
-147 -86
-53 -122
128 -166
-39 -178
-114 -58
92 -66
-103 -93
129 -153
-88 -140
80 -69
-80 -89
195 -59
101 -63
80 -104
108 -34
-96 -41
-138 -8
-139 -110
144 -91
-79 2
-151 -110
76 -61
134 -90
101 -146
-31 -183
118 -19
115 -135
89 -109
94 -145
-97 -112
79 -68
-141 -137
111 -166
61 -104
152 -132
49 -97
154 -57
96 -75
33 -177
-118 -53
168 -134
-139 1
86 -70
150 -111
-98 -38
79 -82
99 -87
85 -79
107 -98
-183 -100
35 -151
129 -189
177 -48
151 -84
103 -139
94 -103
108 -86
101 -125
130 -98
-183 -32
217 -62
-90 60
-67 11
-47 -91
-106 -46
-210 -49
-102 -151
-70 -93
-89 2
1 -52
152 -189
-95 -116
287 -132
-94 0
145 -103
-99 -35
113 -159
122 -169
115 -133
140 -78
172 -136
-136 -56
-201 79
-53 -182
-67 -17
129 -196
-118 -153
202 -106
24 -95
129 -84
94 -173
159 -117
-77 -124
-132 23
153 0
-72 -145
205 -97
126 -135
-91 -154
174 -94
-84 -67
-94 -65
-110 -151
162 -48
-50 -108
165 -180
-102 -145
190 -47
130 -95
53 -170
-87 -55
92 -154
-92 -83
-46 -142
140 -36
273 -155
-16 -127
-159 -50
-130 -69
-142 -86
-123 -169
95 -133
152 -45
93 -160
-27 -107
193 -23
286 -42
223 -151
74 -185
82 -131
107 -150
163 -121
41 -120
-142 -27
240 -70
89 -178
142 -81
179 -107
142 -122
-99 -29
80 -67
-7 -124
-155 37
211 -83
84 -99
46 -112
79 3
-6 -139
-90 -89
90 -165
-83 -83
30 -169
-121 -57
-83 -170
-3 -182
114 -106
-150 -56
197 -116
-62 -17
221 -1
180 -20
88 -72
-95 -162
140 -122
121 -65
80 -173
115 -88
118 -71
48 -140
138 -82
209 -128
-185 -53
44 -198
156 -94
-88 -63
132 -42
-77 -15
172 -110
132 -136
199 -69
87 -233
85 -123
166 -50
212 -194
211 -115
138 -84
68 -64
-40 -8
-151 -46
153 -140
142 -11
59 -133
88 -51
179 -96
87 -125
-114 -97
128 -138
-119 -78
153 -89
136 -131
121 -102
132 -88
-56 70
135 -79
119 -90
-50 15
179 -81
-75 1
-179 -39
-57 -145
122 -58
74 -75
-115 -112
91 -129
-60 -28
-109 -41
176 -78
81 -9
-146 -94
-129 -9
-115 -93
75 -51
-34 -105
59 -182
-161 -138
71 -204
142 -82
217 -160
-194 -139
22 -94
153 -48
-120 0
-20 -158
180 -121
146 -85
190 -112
-131 -44
-127 14
256 -123
-76 -114
61 -76
-78 -152
128 -103
112 -95
123 -119
140 0
46 -98
45 -96
58 -109
147 -144
105 -138
172 -129
-115 -43
-88 35
-31 -78
181 -121
60 -53
-184 32
-112 -129
128 -126
-96 -157
-161 -144
44 -155
-147 -48
179 -70
137 -91
55 -60
79 -128
168 -96
57 -158
62 -92
-98 -81
-192 -99
-83 -174
126 -169
-47 -76
-44 15
-182 -117
50 -52
-63 -106
98 -147
-83 -24
-128 8
257 -55
129 11
-200 -37
151 -95
26 -156
-147 -29
112 -197
138 -94
142 -84
-65 -141
172 -96
41 -171
144 12
-141 66
27 -16
-41 -127
-89 -52
141 -107
133 -16
159 -89
113 -194
-193 -121
123 -134
258 0
111 -33
-55 -119
178 -145
-19 -43
-109 -26
143 -102
-119 -137
37 -65
203 -93
8 25
207 -97
-125 -88
-109 -46
-127 -129
94 -206
105 -64
139 -98
278 -48
138 -99
-124 -55
89 -105
106 -130
-112 -38
-87 -138
-99 -103
88 -92
-122 -76
69 -170
60 -201
84 -152
-73 -92
60 -95
-58 -36
125 -211
-181 -30
153 -58
78 -198
117 -106
-79 -5
66 -65
142 -90
-8 -87
-89 -72
40 -186
-145 -17
58 -167
125 -111
-133 -137
-91 -60
173 -103
-68 -124
176 -60
-30 -93
6 -16
202 -101
169 -201
-138 -188
-154 98
63 -156
113 -134
-120 -152
129 -175
52 -210
-104 -193
138 -58
140 -71
103 -102
98 -10
-106 -91
-59 -184
18 -232
-28 -117
130 76
106 -82
-177 -12
-112 -165
220 -214
-110 -27
161 -83
-111 -121
-160 41
-105 -181
-70 16
209 -133
18 -152
127 -142
-113 -84
-95 -99
84 -104
95 -62
191 -87
141 -139
2 -122
-121 -98
-186 -47
-150 -102
-135 18
94 -184
-110 -73
184 -142
-130 -69
170 -117
-59 -88
-186 -8
-81 -11
15 -142
-150 -158
114 -132
115 -130
52 -171
184 -124
99 -98
113 -149
197 -116
-133 40
62 -68
121 -60
182 -36
132 -110
150 -71
58 -30
-127 -31
152 -112
194 -54
-165 -37
-58 -130
43 -145
-148 -55
44 -74
244 -50
-138 -93
84 -157
-84 -84
191 -67
17 -126
109 -198
118 -90
-133 14
115 -157
-130 -11
25 -121
204 -159
-118 14
76 -138
96 -131
62 -129
-112 -5
99 -236
-133 11
155 -73
-100 35
-126 -12
99 -108
183 -112
46 -52
-48 -31
-38 -62
145 -135
-29 -45
156 -132
52 -99
-116 15
-73 -59
126 -160
-117 -20
239 -121
160 38
-100 -28
-96 -96
200 -52
-163 83
-164 -160
143 -100
96 -59
13 -122
132 -100
-207 -94
60 -77
-162 -41
174 -35
142 -108
134 30
211 -99
-72 -28
16 -99
120 -60
199 -179
125 -138
-181 23
-40 -88
-75 -181
-130 -80
88 -27
-31 -110
-90 -39
-52 20
-143 -113
146 -107
-115 -153
159 -178
112 -58
-56 -160
-135 -53
-130 8
243 7
-60 -60
-81 -274
159 -42
-73 -51
4 -116
-93 -158
87 -116
-147 -221
97 -116
122 -37
-131 -7
-172 -12
103 -43
-120 -32
93 -69
-106 -6
178 -137
-136 -23
154 -36
-143 59
95 19
106 -97
137 -61
-132 -205
-130 -118
253 -11
-92 -75
-39 -120
121 -45
77 -124
103 -184
-84 -83
16 -116
39 -72
-71 -184
118 -97
-175 -105
-84 -55
69 -83
28 -27
91 -61
37 -117
170 -10
95 -75
-108 -5
124 -97
-85 -107
-80 -129
131 -62
54 -83
147 -41
46 -200
140 -138
101 -130
-187 -130
83 -112
-38 -44
-37 -122
123 -233
-88 5
-46 -1
-155 -127
147 -22
69 -128
103 -47
-72 -29
101 -108
168 -29
-103 -58
-134 -142
-105 -143
17 -163
114 -97
-121 -56
200 -58
-206 -128
94 -81
218 -26
-120 -136
-47 -72
57 -124
-58 -141
159 -127
141 -124
-90 -26
123 -96
-122 8
165 -53
135 -68
-151 -15
143 -134
101 -113
4 -119
-137 -27
-1 -133
131 -164
237 -129
-110 -58
244 -66
-171 20
-79 -175
58 -95
227 18
-124 -22
-68 -13
105 -1
-170 -75
62 -145
-234 -108
-82 -89
4 -199
-128 -60
141 -71
-103 -206
109 -87
-98 -4
126 -124
102 -88
-141 -87
-96 -148
199 -151
53 -121
143 17
184 -75
129 -116
121 -37
155 -147
114 -225
-142 -90
-153 -11
139 -212
167 -67
150 -96
109 -78
163 -106
-87 -66
-4 -156
57 -168
2 -191
176 -164
55 -130
-88 -77
89 -100
139 -44
-163 -106
110 -110
43 -115
-185 -66
175 -77
113 1
170 -94
-85 -136
86 -87
-151 -118
147 -139
135 -153
139 -111
185 -96
127 -167
-142 -93
129 -80
158 -23
-63 -152
-80 29
168 -74
81 -34
-47 -30
59 -83
-120 -125
131 -125
-111 -144
-93 -37
38 -140
-16 -201
134 -80
96 -131
175 -72
126 13
-125 -35
75 -96
197 -97
250 -3
132 2
-77 -51
114 -122
-76 -21
139 -96
-156 -30
3 -235
85 -145
133 -93
53 -107
-64 -51
146 -118
-96 -55
-113 -116
-80 -70
-173 -60
165 -118
-151 -40
-144 -72
181 -159
116 -11
-3 -108
84 -96
107 -181
29 -107
-124 -63
223 -126
59 -182
70 -107
90 -144
-103 -97
193 -107
-21 -19
-68 -139
187 -138
150 -110
162 -165
98 -126
104 -40
-75 -107
80 -71
189 -121
-61 -174
16 -76
-24 -44
91 -145
183 -104
104 -160
106 -48
124 -141
150 -4
-248 -138
-167 -179
46 -48
-94 -149
114 -86
159 -63
-66 -69
152 -134
38 -168
18 -82
205 -17
-112 -205
-63 -159
157 -128
98 -233
-160 -117
185 -52
147 -62
130 -119
117 -164
134 -133
195 0
197 -44
-96 -168
159 -94
-96 -60
81 -1
203 -165
-213 -78
-53 -41
52 -127
-3 -35
55 -74
157 -87
169 -116
-77 0
-34 -40
-76 -9
104 -110
-99 -7
-75 -219
-162 -41
-136 -46
112 -112
132 -86
-64 -89
-84 8
151 -96
-73 41
146 -199
130 -77
81 -36
178 -161
130 -87
-118 -64
165 -118
-44 -122
186 -131
177 -108
103 -16
-74 -80
-86 -238
50 -65
-116 -108
-218 -111
63 -138
74 -102
-63 -40
-209 -86
115 -112
-69 -68
-43 -56
145 -74
135 -72
100 -164
-142 -183
-109 -64
-116 -36
203 2
-99 -25
-105 -45
100 -52
84 -96
107 -53
-35 -6
-143 0
157 -185
109 -45
18 -93
-115 -93
172 -49
136 -205
-210 -30
120 -115
111 -35
69 -193
128 -140
146 -89
91 -116
94 -102
126 -186
-104 -69
-123 -117
110 -118
-216 -1
0 1
-158 -28
163 -118
-181 -160
149 -27
-112 -48
215 -57
-78 -98
50 -96
-193 29
40 -151
-129 19
52 -47
-107 -177
-96 -33
-86 -114
144 -120
101 -71
-153 -98
126 -50
71 -99
125 -39
162 -109
214 -145
42 -49
-161 30
124 -67
-116 -109
191 -136
-178 -6
105 -154
-145 -123
-68 36
146 -18
141 -91
-12 49
130 -114
103 -10
151 -118
98 -116
-122 29
-58 -69
101 -54
-96 -12
-121 -46
63 -4
-151 -121
-131 41
93 -85
135 -113
132 -27
-61 -143
-168 54
172 -94
139 -140
163 -206
149 -85
137 -44
-152 -103
123 -90
-79 -95
-59 -95
-23 -51
-139 -101
42 -186
155 -52
-73 -78
-150 15
-148 -185
76 -126
152 -125
-8 -106
184 -62
25 -83
-138 -89
127 -34
19 -135
118 -45
194 -64
-146 3
-90 -42
-122 -77
165 -13
-108 -42
160 -138
-15 -146
-40 -131
-99 -65
101 -97
-53 71
169 -29
-78 -31
67 -72
-9 -45
-66 -47
59 -162
71 -120
146 -130
-67 -218
-138 -118
94 -142
-79 -10
162 -150
-173 -68
-116 -66
-55 -30
-61 -94
-106 -148
40 -149
-120 -134
88 -37
38 -114
155 -68
202 -137
-170 -68
-121 -78
-89 -10
-96 -121
169 -68
-135 -108
93 -38
-130 -23
-133 -148
-108 -74
-164 -93
48 -166
62 -156
79 -176
137 -67
-156 -71
-156 -133
71 -61
-161 -99
218 -3
173 -128
-58 53
-123 -170
-150 -126
70 -76
112 -176
-118 -81
154 -49
-77 -129
134 20
-123 -81
-95 -68
-92 -28
82 -88
103 -68
158 -56
89 -113
139 -57
131 -79
-123 -29
126 -103
-69 -16
115 -107
-77 -23
207 -65
131 -30
103 -214
80 -53
44 -36
-127 -48
79 -58
134 -112
-87 -38
109 -39
-93 -88
37 -175
-63 -120
-143 -62
88 -129
-18 -144
110 -31
31 -116
-15 -194
-104 -218
115 6
174 -132
-83 3
-97 -141
-57 -28
-94 -51
143 -149
-59 -89
-187 -130
-193 -14
-56 -73
167 -112
77 -121
-137 69
172 -239
-159 -142
9 -131
54 -125
118 -99
77 -108
112 -93
103 -120
-210 -23
-132 59
126 -120
-171 -138
-59 -94
109 -142
163 -66
-154 -156
196 -119
171 -124
-36 -43
77 -99
114 -36
-118 -151
-158 -56
-218 -90
-101 -94
-161 -52
-41 -35
-115 -201
-113 -75
133 -138
-72 -14
153 -57
57 -16
67 -199
121 -170
94 -141
61 -135
142 -104
67 -40
-72 24
215 -70
34 -91
-82 -58
72 -64
-106 -194
119 -172
-189 -68
-108 -42
-151 -77
-113 26
108 -167
81 -153
111 -120
187 -109
112 -19
143 -57
168 -72
241 -108
139 -48
-148 -14
173 -97
-104 -64
210 -56
-6 13
102 -79
214 -43
201 -170
124 -41
114 -43
-175 -31
-154 -174
177 -95
149 -198
-97 -5
93 5
-73 17
-123 -59
-194 -30
-107 -38
155 -93
-73 -37
-106 -37
-75 -243
-50 -41
-100 -138
-78 -41
146 -96
-45 -191
-63 -112
104 -162
81 -76
158 7
-116 -17
176 -85
32 -137
163 9
-104 -132
83 -44
-23 -63
35 -118
132 -52
222 -64
-149 -98
-76 -158
88 -81
170 -121
-75 -46
81 -148
-129 -33
-35 -125
99 -142
138 -132
155 -105
-80 19
92 -34
-133 -17
-151 -160
170 -67
-101 85
180 -32
-120 21
15 -74
-144 -157
157 -76
144 -148
106 -46
171 -117
135 -29
-148 -88
162 -184
-101 -38
128 -36
-156 -87
79 -164
-78 57
208 -133
40 -98
152 -132
-146 -31
-100 -74
129 -83
124 -115
-99 21
25 -139
106 -154
46 -97
-91 -150
151 -180
27 -123
-16 -68
179 -63
142 -188
51 -228
-14 -59
97 -118
21 -204
114 -109
-139 -21
149 -47
-111 -97
-133 -44
162 -76
90 -152
-148 -63
155 -79
99 -87
-223 -10
-136 -180
133 -147
-78 -117
-124 -4
164 -99
28 -27
140 -175
107 -103
171 -19
-42 -146
117 -46
224 -107
-73 -5
186 -172
130 -53
-22 -90
-147 4
140 2
179 -94
116 -110
65 -90
133 -13
-80 -57
166 -28
100 -118
77 -102
-88 -36
-145 -13
177 -104
-36 -88
211 -142
-75 15
101 -165
-123 -25
102 -93
92 -114
168 -96
-56 -56
166 -39
236 -50
181 -119
158 -63
-135 35
-34 -60
190 -81
-102 46
-117 15
76 -16
125 -56
169 -106
-94 1
-108 -33
-57 -115
-160 -107
137 -89
208 -40
94 -97
-154 -22
101 -193
-50 -193
-104 -17
171 -86
-101 -185
-158 -112
143 -13
-199 -149
87 -58
251 -9
-64 -151
157 -108
65 -125
-70 8
92 -130
92 -116
-104 -37
182 -55
193 -202
81 -118
-89 -131
-92 -127
71 -120
194 -149
111 0
-116 -135
-104 -23
-127 -57
143 -96
159 -76
91 -89
-115 41
-73 69
115 -134
-85 -71
113 -43
7 -50
183 -146
-29 -10
-30 -107
138 -12
96 -49
175 -111
54 -137
177 -11
90 -141
140 -33
153 -103
-92 -21
-159 -89
165 -80
158 -202
99 50
110 -21
39 -121
174 -129
-155 -2
-61 -47
156 -100
175 3
195 -135
186 -84
123 -4
101 -148
81 -136
-115 8
204 -155
130 -175
109 -43
52 -41
-90 -139
72 -43
-83 -28
103 -114
-117 70
-109 -138
-151 -41
-101 -22
132 -79
162 -88
83 -65
89 -148
63 -154
199 -109
56 -78
61 -205
-122 -95
133 -29
73 -126
171 -60
177 -157
136 -92
-79 -49
-117 -94
-159 -44
-136 -66
142 -99
138 -50
-86 21
-115 9
78 -73
203 -141
92 -132
157 -109
186 -83
201 -111
-154 -170
71 -213
10 -59
190 -214
68 -73
132 -203
83 -99
-39 -74
198 -74
-115 14
132 -46
-89 -90
133 -162
-164 -77
-137 -60
128 -106
-76 -151
110 -143
-106 -121
113 -125
-101 -66
96 -89
197 -79
33 -54
235 -186
122 -65
89 -36
151 -60
-117 -66
189 -40
-52 -34
-86 -60
199 -125
-88 56
131 -191
-46 -75
121 -116
160 -105
47 -212
135 -132
178 -180
-145 -73
-25 -204
129 -91
-156 -5
-72 -55
-65 -81
73 -9
80 -110
156 -89
-123 22
39 -43
-173 -88
83 -158
158 -73
142 -101
25 -55
-111 -131
-134 14
-150 -20
163 -87
-160 -111
16 -125
-25 -106
-167 -88
138 -177
67 -197
54 -114
-104 -146
113 -203
-201 -58
66 -165
-170 62
10 -159
-91 -69
-13 -87
94 -64
81 -204
177 -162
204 -74
157 -153
132 -49
70 -167
-102 -122
71 -184
-139 -17
-114 -163
209 -71
59 -97
91 -155
193 -116
-163 -131
231 -163
-103 -122
-92 -172
-72 -119
35 -155
-45 -17
166 -113
-75 -101
-120 -76
130 -30
184 -51
145 -21
-79 -55
-237 -41
212 -121
-15 9
210 -12
-204 -10
-72 -140
192 -92
89 -201
76 -224
175 -80
-180 -87
-114 -100
-125 -102
162 -148
223 -109
-139 -35
150 -45
100 -65
-94 7
-83 -48
-89 -121
-61 -99
93 -211
-190 -51
-153 -24
137 -11
96 -84
66 -140
84 -126
219 -60
152 -86
-133 -185
-180 -46
96 -67
-150 -179
82 -98
46 -150
93 -146
-110 -79
-125 -118
-112 -98
145 -112
-106 64
-143 -114
-140 -57
131 -7
204 -172
137 -1
-191 -25
153 -85
267 -46
42 -160
-120 -128
-10 -118
-133 18
155 -79
-71 -63
-154 -126
134 -223
-115 -67
189 -160
-33 -57
-110 -33
127 -176
-112 21
187 -132
-212 -23
123 -110
-38 -20
-110 -49
-138 -148
-74 -99
120 -186
193 -152
-121 -29
74 -57
168 -101
-61 -71
169 -44
88 -37
-133 -53
72 -71
-152 -10
199 -63
44 -84
130 -85
-180 -130
188 -74
84 -184
93 40
-90 -186
-144 -97
-68 74
65 -125
66 -104
126 -73
172 -74
-29 -58
-60 -68
167 -116
112 21
207 -186
-24 -27
-109 -44
130 -83
79 -124
-138 -75
99 -48
-12 -73
188 -21
-100 -158
-38 -127
72 -72
-54 -183
104 -125
111 -99
-100 -69
120 -69
-67 124
7 -98
-165 -28
165 -96
161 -122
118 -148
-97 -51
-161 -41
125 -79
123 -48
-105 -117
-93 -19
185 -274
199 -35
-116 -32
-123 -37
32 -85
41 -131
206 14
68 -111
79 -200
-126 -70
169 -66
212 -87
38 -122
-118 -186
154 -152
140 -57
145 -126
55 -114
141 -50
84 -65
-52 -89
-15 -40
49 -115
116 -126
189 -52
-122 -67
0 -103
-20 -115
71 -152
110 -125
69 -160
80 8
73 -111
131 -100
225 -112
-152 18
130 -63
100 -82
225 -26
133 -101
-100 -51
-97 -3
100 -128
69 -41
-152 -86
139 21
-136 -63
134 -127
-83 77
-84 48
65 -116
110 -72
53 -135
-103 -68
-187 -58
-153 -86
184 -35
-96 -74
132 -148
142 -112
-173 -165
140 -107
-130 -132
85 -103
103 -148
147 -156
-58 -49
117 -144
-122 -58
1 -110
-103 -61
123 -231
76 -104
-93 -101
121 6
100 -60
-58 34
171 -120
-100 -113
-180 -47
-60 -126
-132 -167
-198 -159
43 -59
-127 88
-126 -29
43 -193
-9 -145
132 -46
200 -53
45 -140
-167 -88
109 -3
69 -147
126 -156
-134 -124
86 -104
154 -80
51 -86
-31 -116
-90 -35
148 -168
141 -79
97 -106
154 -130
172 -29
172 -89
108 -120
105 -162
-95 -138
285 -151
-26 -84
9 -84
120 -56
-98 -75
-124 -200
127 -143
89 -19
129 -78
-133 -91
127 -9
-55 -163
-165 -104
-6 -117
141 -54
95 -155
190 -88
118 -148
49 -163
188 -97
94 -148
133 -107
-77 -115
-155 -8
-212 16
-123 -74
-89 -61
128 -56
-124 -36
83 -58
146 -107
98 -125
-71 -103
95 -66
199 -47
103 -107
-128 -33
105 -168
93 -119
-82 -11
144 -137
87 -68
76 -36
116 -122
-71 -139
-106 -128
100 -115
-83 -126
9 -114
-97 -128
120 -51
232 -108
112 -57
130 -21
128 -119
-142 -44
159 -170
-182 -166
100 -41
43 -128
131 -110
186 -83
111 -108
35 -190
37 -111
160 -57
-155 7
-73 -85
130 -4
193 -31
-180 -83
42 -105
87 29
104 -62
93 -53
123 -104
138 -105
108 -140
-182 -92
36 -96
142 -77
193 -46
109 -120
-103 -134
149 -50
131 0
-113 -40
148 -45
141 -57
97 -75
-185 -127
146 -97
57 -101
218 -71
-128 -101
169 -39
-131 -75
-120 -100
51 -81
-18 -136
-77 -157
-113 -35
143 -89
-51 -39
-142 0
89 -46
93 -142
155 -151
82 -234
-111 -102
46 -101
154 -80
177 -140
43 -66
203 -74
-82 31
93 -247
68 -25
-97 -34
146 -74
127 -188
-57 -99
78 -199
-195 -152
130 -39
-151 31
130 -21
134 -84
-198 -1
-52 -121
-121 27
147 -137
-84 7
230 -168
81 -87
69 -45
-140 -80
-155 -87
195 -147
-157 7
52 -51
82 -162
132 -18
226 -20
75 -45
101 -37
110 -66
98 -109
-162 -103
144 -65
96 -119
55 -70
-73 -84
-49 17
95 -139
149 -122
-27 -5
107 -52
77 -84
126 -126
-4 -100
-32 -79
128 -88
124 -200
-99 -50
12 -175
-144 -58
-132 -183
106 -18
-176 -91
-122 -103
-58 -128
37 -138
119 -97
-130 -95
89 -122
-182 -120
205 -180
-230 -79
-125 -152
-139 -85
-99 -89
-194 12
153 -119
152 -30
-133 -74
143 -100
69 -107
141 -55
73 -141
150 -34
119 -34
150 -62
132 -66
198 -64
-66 -64
-120 -150
50 -17
197 -120
135 -115
179 -171
-99 -81
73 -111
114 -151
165 -116
81 -172
28 -54
-127 -22
120 -110
-139 -14
10 -137
185 -77
135 -75
64 -90
157 -138
-76 -35
-37 -2
99 -72
-31 -68
79 -143
-78 -45
105 -31
-184 -10
98 -196
64 -105
184 -33
118 -138
-60 -99
163 -130
65 -144
31 -90
-29 -141
-164 -35
144 -81
-115 -44
-58 24
128 -110
87 -84
152 -218
-62 -57
83 -141
-113 -136
-215 -40
16 -134
139 -94
14 -201
-195 -80
76 -102
89 -202
137 -106
-1 121
171 -64
-131 -118
-27 -182
138 -159
119 -73
58 -73
-75 -1
89 -132
-176 20
-117 -179
-110 4
237 -67
-220 20
-76 -160
246 -50
165 -86
138 -262
138 -173
-90 -129
-67 0
118 -108
23 -161
-60 -70
-160 -41
103 -78
149 -114
216 -191
-70 -9
43 -134
175 -106
-147 -102
-73 -95
-51 -118
57 -132
100 -107
96 -84
84 -166
-166 -103
-100 15
-85 -111
-48 -124
-110 -2
-62 -61
106 -110
-54 -78
-11 -13
-74 -112
108 -141
98 -141
205 -87
-124 84
-109 -222
102 -52
-96 -34
97 -107
99 -90
142 -77
68 -90
168 -15
-110 -13
-134 -217
-73 -130
150 -36
53 -147
-201 -69
-116 -62
86 -178
120 -62
-121 -188
10 -145
64 -92
185 -169
127 -65
50 -194
181 -89
-47 -136
146 -59
93 -71
-108 -6
176 -143
-61 -70
-80 -103
-101 22
153 -50
-140 22
114 -75
133 -129
131 -154
61 -103
120 -118
152 -40
-107 -48
-136 -166
-142 -99
116 -47
148 -100
104 -134
-161 8
-128 48
-79 -20
190 -105
-88 -26
-87 -248
-14 -130
120 -127
142 -179
217 -16
-82 -101
162 -16
32 -75
66 -104
-161 -104
119 -164
122 -42
140 -93
89 -95
90 -151
166 -157
-158 38
100 19
130 -58
-182 12
99 -65
187 -2
23 -88
72 -182
112 -114
-94 -32
-55 -115
98 -49
-169 -114
46 -149
-123 72
-142 -55
198 -58
128 -172
-69 -74
144 -82
137 -21
-27 -206
-154 -24
158 -153
-134 -57
153 -126
172 -119
-72 31
132 -138
136 -121
-102 -163
113 -62
135 -144
80 -110
174 -89
-77 -147
-181 -8
-81 -32
136 -121
167 -91
181 -118
-72 -114
167 -71
-14 -149
-14 -103
125 -127
-99 -15
-107 -236
-193 63
207 -108
-102 -190
119 -125
55 -165
166 -120
172 -67
-89 17
66 -69
158 -98
213 -135
69 -203
-128 -83
-140 -205
185 -67
-67 -93
144 -68
-176 36
-113 -156
-12 -163
-156 -121
112 -138
217 -87
115 -87
-104 -22
122 -136
176 -130
-159 -38
163 -91
90 -153
-93 -121
53 -127
-129 -66
-189 -47
-151 -67
41 -176
-69 -67
-146 19
56 -71
109 -120
161 -82
133 -78
26 -127
111 -180
145 -130
102 -114
-135 -33
-80 -205
-196 -170
117 -43
55 -90
93 -193
116 -74
-74 -36
-86 -70
143 -100
109 -103
-87 -168
118 -141
-134 1
189 -88
171 -50
-127 -73
48 -6
-90 -62
98 -29
-95 -34
87 -51
173 -128
-167 47
117 -110
-124 -68
-222 -107
113 -159
174 -33
85 -194
-43 44
-58 -49
118 -165
-57 16
-103 -39
-105 66
-132 -132
-11 -137
-142 -124
88 -58
130 -79
-41 -99
120 -168
-118 -53
-123 -98
-80 -8
-111 -55
-153 -60
192 -160
157 -66
210 -45
135 -18
-26 -132
102 -129
165 -61
-34 -24
237 65
-175 -202
111 -33
157 -111
170 -12
117 -66
162 -72
-9 -184
-101 -80
116 -54
218 -108
-147 -24
200 -117
59 -164
67 -30
177 -52
166 -172
169 -42
81 1
132 -63
-104 -85
133 22
20 -61
-80 -37
103 5
172 -131
110 -34
98 30
-58 -131
96 -30
80 -94
116 -122
81 -85
-175 59
66 -159
116 -202
-141 -8
175 -152
-114 -153
136 -42
-57 -32
-127 -116
123 -14
-83 25
85 -46
73 -145
-131 -86
-92 -96
149 -118
-156 27
27 -128
-161 -3
112 -198
94 1
231 -133
-95 -38
117 -149
111 -191
-55 -37
21 -154
119 -157
-144 37
199 -190
-147 -172
153 11
59 -60
140 -10
168 -83
147 -144
-112 62
-90 -101
213 -179
-114 -167
113 -137
170 -149
51 -163
103 -54
87 -2
74 -121
129 -63
55 -127
111 -137
134 -83
121 -36
109 -99
105 -128
75 -87
134 -69
59 -25
187 -132
120 -69
175 -40
-116 -33
-86 -144
-157 -70
-107 -38
-37 -62
105 -59
183 23
108 -149
254 -175
170 -97
-131 -53
207 -130
94 -95
36 -114
181 -50
-36 -126
71 -144
160 -94
160 -118
-99 -87
159 -87
15 -33
-179 -128
-113 -67
8 -92
118 -59
100 -86
229 -164
96 -81
78 -101
-158 -56
-155 -139
78 -156
161 -159
131 -168
130 -35
129 -81
-66 -153
135 -73
171 -87
-203 -23
161 -51
23 -97
23 -49
-100 -99
-97 -143
-152 -54
119 -164
139 -80
-188 -184
138 -104
100 -160
153 -147
146 -64
67 -198
148 -83
152 -114
136 -93
96 -73
-31 -70
107 -37
-75 -14
91 -154
-132 -106
-140 -213
-108 -64
192 -118
77 -21
192 -118
187 -94
149 -63
55 -165
-126 -12
-78 -30
114 -61
63 -133
218 -90
90 -139
-138 -187
113 -103
128 -137
-117 -104
56 -130
-147 11
66 -50
-85 -26
34 -137
136 -133
232 -114
177 -80
-182 -82
-146 -83
-118 -13
-122 -75
-110 -63
83 -118
187 -56
-174 -28
-146 53
153 -60
134 -122
-119 -113
99 -173
144 -80
-193 -65
-102 -110
-157 -66
97 -33
150 -50
85 -149
-106 -162
-140 -182
-149 3
58 -94
-91 -74
57 -53
-73 -261
-171 -73
163 -166
-86 -35
95 -170
157 -161
166 -124
-176 0
139 -160
-27 -83
-138 -67
-228 -30
-140 -117
-73 -168
-45 -101
-59 -264
70 -95
-80 58
-100 -100
-82 -63
-87 -199
-36 -129
214 -87
165 -64
-161 -104
163 -49
-58 -46
147 -67
154 -17
-130 -155
-44 -48
-222 30
131 -125
-121 -147
136 -144
111 -42
49 -124
-132 -66
-45 -175
192 -93
-145 -27
135 -111
-30 -125
-54 -69
-191 51
-144 -132
125 -82
251 -116
201 -41
212 -109
172 -96
-131 -101
-120 -89
-208 -110
-162 -39
80 -89
-88 -1
29 -117
-172 -33
-217 -142
108 -145
-112 -30
-90 -133
162 -108
178 -115
79 -49
-81 -68
-80 -160
19 -91
153 -3
131 -61
74 -101
-149 18
212 -59
66 -69
-73 -63
-89 -197
91 -67
175 -79
67 -171
-114 -161
104 -135
178 -49
-76 2
43 -105
-102 -125
-75 -40
-209 26
165 -134
-67 -101
174 -160
-162 -132
104 -86
139 -96
-96 -82
-106 -119
-54 -30
17 -145
92 -69
-80 -135
-80 -65
-77 -157
54 -152
82 -115
157 -206
44 -132
-12 -94
-72 -20
-154 -1
-58 -172
-92 -70
149 -168
-6 -87
90 -227
-38 -147
138 -131
-148 32
109 -54
-129 -101
-46 -121
168 -30
91 -48
80 -165
41 -61
112 -159
165 -87
-194 -66
-77 -186
72 -175
148 -3
118 -80
-210 -137
112 -151
74 -133
83 -227
147 -95
-173 35
-129 -86
77 -260
181 -104
-35 -78
-94 -124
157 -42
66 -242
124 -81
-77 -23
87 -40
-202 33
135 -62
24 -102
151 -124
137 -77
144 -116
-45 -70
75 -89
137 -110
201 -172
47 -132
97 -123
42 -101
-113 -65
117 -42
-138 -112
83 -79
136 -171
222 -95
26 -248
163 -133
27 -96
-207 -71
-108 -2
148 -116
-53 -156
152 -153
130 -118
91 -6
-99 47
76 -119
81 -104
126 -116
145 -57
221 -85
132 -31
-83 -84
122 -80
139 -98
71 -94
90 -165
-133 -54
75 -49
92 -162
-98 -90
-106 -123
213 -114
29 -111
78 -64
157 -43
100 -178
79 -48
-154 -114
-134 -36
87 -80
252 -107
-105 10
158 -100
-96 -64
90 -89
-135 -4
40 -145
-71 -148
92 -200
169 -77
221 -83
-88 34
78 -98
-156 -58
90 -167
48 -77
129 -46
-110 -20
-167 -154
-80 -156
-33 -102
85 -120
51 -118
119 -98
81 -75
154 -130
-99 46
-138 1
62 -111
-69 -77
34 -44
-93 -85
163 -176
-62 -217
-46 -114
172 -139
-4 -243
31 -147
88 -84
113 -114
177 -129
203 -61
-116 -202
125 -111
161 -166
49 -129
-209 -100
101 -88
-98 -45
109 -219
187 -58
-41 -195
233 -180
187 -74
173 -104
-206 -80
102 -116
213 -128
-12 -160
100 -82
-194 -140
191 -59
-102 -43
-158 -9
113 -165
115 -201
-104 -28
146 -54
92 16
-126 -109
-119 18
144 -91
-119 68
85 -112
-106 -78
-104 -150
184 -40
89 -80
-113 -153
2 -93
-107 99
-99 26
-106 -42
142 -14
95 -177
-109 -8
-201 -115
99 -183
48 -139
174 -99
-107 -142
159 -51
137 -56
94 -128
-159 -72
-83 52
80 -113
231 -83
-104 76
72 -42
152 -106
126 -85
32 -61
-178 -68
245 -142
175 -165
-60 -16
-42 -110
117 -140
-91 -210
-201 -150
230 -80
174 -171
176 -35
145 -89
-78 -107
-139 -21
176 -157
53 -117
91 -177
112 -49
71 -77
149 -198
-115 -25
-158 -106
-96 17
95 -134
106 -157
-62 -82
-114 -84
-226 -101
187 -161
78 -96
161 -116
151 -79
101 -75
-92 -64
-170 -15
214 -187
138 -69
-29 -199
-60 -198
-71 -95
203 -200
-170 -179
212 -84
-76 -38
-74 6
107 -52
175 -79
-82 -98
-73 78
146 -139
169 -147
-99 -52
-108 -111
85 -93
169 -122
221 -100
95 -213
90 -59
-99 -80
123 -80
-111 -22
127 -111
69 -154
237 42
110 -111
112 -57
-143 -91
33 -86
85 -117
-67 -96
91 -159
55 -84
157 -31
113 -126
-17 27
172 -134
126 -42
102 -80
-157 -138
-114 -115
198 -116
148 -143
96 -59
-82 -47
155 -188
124 -107
110 -160
-60 -65
130 -130
116 -127
44 -142
109 -106
-87 -2
79 -145
134 -105
113 -252
-37 -18
129 -92
124 -138
-98 -147
70 -70
-83 -7
80 -161
129 -197
-98 -101
28 -55
134 -136
-12 -159
-194 -31
-99 -86
157 -171
-98 -70
-81 -172
119 -182
99 -113
-175 -31
-130 -28
145 -107
-143 -143
237 -114
-134 -202
-13 -141
-33 -42
-74 -36
83 -43
128 -65
-173 7
152 -89
93 -99
158 -93
-107 -115
135 -4
183 -107
164 -133
107 -183
55 -83
-147 -38
56 -116
22 -131
7 -181
-158 -84
109 -131
166 -139
21 -118
96 -52
183 -141
-116 -34
113 -57
120 -22
-82 -171
-66 -130
-166 -41
135 -10
189 -18
117 -62
92 -199
110 -60
56 -143
-62 -45
-48 -143
182 -16
57 -38
-120 -72
167 -163
-149 -131
143 -51
171 -24
109 -113
121 -141
-113 -140
139 -136
-77 -159
79 -25
-88 23
-56 -98
-186 8
191 -113
-36 6
125 -72
99 -68
184 -101
209 -15
72 -127
195 -131
207 -174
-53 -31
-187 23
-36 21
-73 20
153 -113
-92 36
29 -124
-47 18
114 -29
109 -111
147 -157
167 -46
100 -56
-18 -115
86 -31
97 -126
171 -135
-42 4
-160 -134
31 -155
-104 -133
-52 -73
102 -41
-155 -98
-158 39
80 -114
137 -36
-155 -216
104 -72
146 -162
-108 -91
18 -115
-45 -171
220 -91
-101 -172
-76 66
83 -128
-35 -241
196 -108
105 -144
178 -129
134 -158
-112 -80
61 -141
19 -53
84 -61
187 -134
117 -44
-62 -152
170 -152
-99 58
169 -59
-199 -9
-142 -107
-95 19
83 -40
-10 -9
-144 14
173 -125
-96 -33
-73 -158
64 -80
77 -31
102 -78
137 -234
219 -52
-190 -22
-105 -9
-124 -64
-81 -60
99 -67
151 -151
52 -48
37 -151
124 -151
-130 -14
-145 -49
-82 -65
-218 -118
40 -133
55 -131
-142 -93
113 -97
114 -44
-194 -161
166 -141
191 -25
118 -47
138 -77
163 -75
159 11
-93 -70
-170 -126
-34 -122
163 -63
174 -83
-46 -94
61 -130
-128 -44
174 -104
-121 -153
243 -19
-127 -5
145 -77
130 17
112 -143
-99 -137
-57 -36
157 -156
-118 -143
155 -99
-112 -63
-202 0
35 -166
-195 -108
120 -151
-82 -87
189 -113
132 -25
27 -102
-177 -184
280 -121
79 -147
208 -71
165 -19
74 -165
128 -134
75 -42
-79 -90
170 -72
-134 -128
66 -149
108 -149
-93 -142
178 -141
-86 -190
8 -144
25 -145
125 -172
116 -52
134 -125
193 -108
54 -120
110 -10
133 -137
130 -152
35 7
-151 -37
121 -57
168 -114
-84 54
-107 -12
-74 -145
107 -47
30 -156
105 -4
-51 -94
176 -22
-24 -15
122 -1
140 -101
-28 -68
155 -120
106 -146
-98 -87
-116 -67
151 -107
102 2
-97 -72
132 -80
159 -181
224 -78
158 -94
142 -123
-108 -136
182 -192
-114 -58
76 -46
-119 -130
8 -124
138 -176
-3 -168
186 -110
-120 -127
228 -87
-35 -106
144 -89
93 -106
112 -94
-76 -124
-197 -74
184 26
75 -113
48 -155
168 -83
-119 10
58 -96
25 -184
155 -128
103 -26
170 -91
-65 -148
-188 48
104 -124
55 -65
187 -86
125 -135
113 -142
187 -110
-203 -90
125 -117
103 -167
-115 -120
-31 -104
87 -5
-142 -72
61 -196
-91 -32
153 -96
142 -70
-116 -9
-182 74
-22 73
21 -96
81 -65
-139 -76
39 -57
1 -48
68 -53
-44 -45
43 -30
161 -184
178 -58
125 -187
-194 -10
-106 -122
-117 -61
125 -193
-147 -22
167 -98
-35 -56
-54 -75
122 -54
108 -88
137 -88
-54 -142
125 -97
-193 -31
256 -60
-117 -50
119 -125
140 -104
95 -13
50 -121
-139 43
-115 -130
-3 -114
-178 -53
-36 16
163 -68
-57 -94
-49 -21
77 -155
-145 -143
-7 69
-41 -59
198 -122
195 -100
38 -171
217 -141
59 -80
-75 -68
80 -185
-130 16
-220 -58
184 -55
138 -68
-122 -256
103 -100
194 -97
-85 -44
70 -112
-117 -129
-234 -2
96 -80
161 -62
-107 -8
-184 -31
-114 -175
106 -112
144 -98
126 -106
-136 -60
70 -83
136 -132
-166 -53
-54 -151
-102 -122
-111 -72
46 -162
112 -103
146 -109
-88 -160
55 -111
57 -96
-161 30
89 -44
-112 -66
-14 -100
115 -82
-112 29
88 -173
-131 -123
-117 -87
-180 -118
133 -94
-143 -56
96 -92
173 -146
-98 31
131 -30
-52 -67
120 -41
93 -114
-142 51
90 -134
-67 -94
-136 -174
74 -80
-191 -53
159 -110
10 -122
171 -61
19 -21
170 -98
147 -71
155 -155
74 -83
101 -107
-168 -7
64 -158
41 -54
-142 -113
-1 -58
-79 -115
-151 -27
-61 -90
108 -129
137 -167
148 -85
-140 -84
-90 -65
103 -116
133 -101
112 -157
35 -104
-77 -106
66 -178
252 -166
54 -173
140 -101
150 -23
147 -49
209 -64
-122 -84
-153 -35
-65 -86
-155 -210
-138 -79
-132 -179
70 -202
174 -97
-168 -150
-100 4
60 -135
97 -121
114 -82
80 -38
-111 -64
73 -28
-42 -127
83 -106
-143 -122
168 -42
6 -124
14 -20
-186 -9
47 -104
47 -153
58 -77
-45 -14
-136 -84
-46 -138
88 -145
-162 -69
-75 -23
143 -74
-133 -83
128 -103
84 -137
-154 -57
-38 -15
-168 -115
54 71
-156 -124
-114 -58
-13 3
-96 37
162 -121
-107 -135
38 -68
-98 -135
112 -73
-248 12
-162 11
-123 -51
58 -90
-76 -23
135 -38
129 -76
-178 -124
-58 -65
71 -108
314 -63
-225 -59
178 -56
117 -185
-70 -132
-119 -70
114 -98
100 -101
-144 -30
-176 4
131 -61
144 -32
180 -37
138 -128
-146 -103
-152 -35
172 -163
171 -40
-137 -41
107 -37
-82 -48
114 -109
92 -82
38 -148
185 -109
-131 -65
81 -108
-151 0
153 -91
146 -30
103 -80
161 -39
-62 -127
-87 -115
14 -196
100 -48
217 -72
-170 -53
99 -162
203 -119
66 -180
144 -49
-162 -12
-73 -218
-114 -47
-73 -29
-52 -154
-101 0
176 -51
119 -149
114 -73
161 33
114 -57
-162 -14
36 -124
-121 -102
224 -80
114 -39
149 -71
45 -72
168 -104
-34 -10
169 -164
153 -97
174 -95
-111 -43
88 -123
-135 -54
162 -193
229 -57
64 -26
-101 -194
109 -141
83 -108
-175 4
69 -268
-101 -137
237 -130
48 -111
9 -18
-168 -76
-122 -43
157 -199
181 -129
118 -58
139 -52
63 -79
-28 -199
-101 -40
-170 30
90 -123
-88 15
144 -40
63 -147
88 -87
-71 -104
-217 -24
195 -129
73 -27
80 -102
90 -47
-99 36
-158 -30
162 -58
137 -66
142 -106
94 -148
-63 -36
104 -97
79 -21
-236 9
-176 124
103 -38
114 -83
37 -7
161 -74
105 -104
-178 -101
-104 -96
-50 20
-179 20
170 -95
38 -146
91 -131
152 -224
-230 -76
136 0
-30 -83
230 -81
34 -45
-150 -35
-146 -134
92 -119
-194 -146
-51 -168
-130 -29
33 -155
-33 -172
131 -128
148 -79
-119 -36
-109 -66
-39 -40
-144 -82
-8 -186
124 -173
31 -93
-103 27
134 -87
89 -112
-181 -95
81 -291
108 -124
87 -88
160 -71
-220 -138
-82 -85
128 -158
-53 14
-91 -60
102 -59
96 -23
124 -94
162 -103
141 -113
-93 -113
-25 -138
-136 -147
127 -174
-103 -69
-44 -7
-101 115
111 -178
99 -163
-147 -137
-239 -45
-144 -186
210 -107
-81 -5
-4 -50
-45 -101
39 -42
-117 -143
167 -165
-116 -7
167 -88
-116 47
168 -53
187 -42
133 -83
-139 -78
124 0
-167 -11
169 -5
163 -121
-58 -114
-71 -129
64 -233
127 -88
-146 0
61 -90
-61 -77
-196 -73
46 -155
116 -133
122 -155
-158 -115
79 -264
-103 -21
-38 -38
-191 -87
130 -168
-131 -69
-159 -193
91 -25
59 -176
183 -95
-67 -53
-120 -33
131 -96
185 -103
-71 -33
202 -85
-82 -133
14 -149
-197 -49
81 -156
-128 -37
-143 13
-154 -96
110 -130
149 -135
155 -73
103 -126
106 -104
-114 -28
67 -58
-86 -44
-98 -114
135 -20
-66 -59
115 -52
154 -126
-130 10
127 -68
203 -87
79 -219
71 -68
-55 -2
-99 -66
-120 -23
170 -27
184 -96
-123 -65
-143 0
-129 -15
55 -21
-39 -102
22 -49
-233 -95
90 -175
-70 14
-91 6
145 -14
171 -150
39 -123
-9 -211
107 -141
-181 -70
195 -21
